 -1.00000000 	   0.00000000 	  -0.99962862 	   0.00000000  	
 -0.99879784 	   0.00000000 	  -0.99842658 	   0.00000000  	
 -0.99759568 	   0.00000000 	  -0.99722454 	  -0.00000000  	
 -0.99602190 	  -0.00000000 	  -0.99602251 	  -0.00000000  	
 -0.99444812 	   0.00000000 	  -0.99482047 	  -0.00000000  	
 -0.99324621 	   0.00000000 	  -0.99361843 	   0.00000000  	
 -0.99204430 	   0.00000000 	  -0.99241640 	   0.00000000  	
 -0.99096304 	  -0.00000000 	  -0.99085032 	  -0.00000000  	
 -0.98988178 	   0.00000000 	  -0.98928425 	   0.00000000  	
 -0.98795303 	   0.00000000 	  -0.98735414 	   0.00000000  	
 -0.98602427 	   0.00000000 	  -0.98542403 	  -0.00000000  	
 -0.98349740 	  -0.00000000 	  -0.98349392 	  -0.00000000  	
 -0.98097052 	  -0.00000000 	  -0.98156380 	  -0.00000000  	
 -0.97903906 	   0.00000000 	  -0.97963369 	   0.00000000  	
 -0.97710759 	   0.00000000 	  -0.97770358 	   0.00000000  	
 -0.97540113 	  -0.00000000 	  -0.97523208 	  -0.00000000  	
 -0.97369468 	   0.00000000 	  -0.97276057 	   0.00000000  	
 -0.97068528 	   0.00000000 	  -0.96974766 	   0.00000000  	
 -0.96767587 	  -0.00000000 	  -0.96673476 	  -0.00000000  	
 -0.96373133 	  -0.00000001 	  -0.96372186 	  -0.00000001  	
 -0.95978678 	   0.00000000 	  -0.96070895 	  -0.00000001  	
 -0.95677037 	   0.00000002 	  -0.95769605 	   0.00000001  	
 -0.95375396 	   0.00000000 	  -0.95468315 	   0.00000001  	
 -0.95101736 	  -0.00000003 	  -0.95071345 	  -0.00000003  	
 -0.94828076 	   0.00000000 	  -0.94674375 	   0.00000006  	
 -0.94336903 	   0.00000022 	  -0.94181727 	   0.00000025  	
 -0.93845729 	   0.00000000 	  -0.93689078 	  -0.00000027  	
 -0.93200699 	  -0.00000117 	  -0.93196429 	  -0.00000117  	
 -0.92555668 	   0.00000000 	  -0.92703780 	  -0.00000055  	
 -0.92061540 	   0.00000147 	  -0.92211131 	   0.00000124  	
 -0.91567412 	   0.00000000 	  -0.91718482 	   0.00000078  	
 -0.91154757 	  -0.00000193 	  -0.91120583 	  -0.00000198  	
 -0.90742102 	   0.00000000 	  -0.90522684 	   0.00000329  	
 -0.90041523 	   0.00001162 	  -0.89819535 	   0.00001255  	
 -0.89340944 	   0.00000000 	  -0.89116386 	  -0.00001282  	
 -0.88420402 	  -0.00005185 	  -0.88413237 	  -0.00005201  	
 -0.87499859 	   0.00000000 	  -0.87710088 	  -0.00002234  	
 -0.86794128 	   0.00003983 	  -0.87006939 	   0.00004001  	
 -0.86088398 	   0.00000000 	  -0.86303790 	   0.00000316  	
 -0.85521699 	   0.00030128 	  -0.85480783 	   0.00035463  	
 -0.84955000 	   0.00168119 	  -0.84657777 	   0.00310333  	
 -0.84018552 	   0.00818635 	  -0.83714913 	   0.01160198  	
 -0.83082105 	   0.02062051 	  -0.82772049 	   0.02585118  	
 -0.81847806 	   0.04381408 	  -0.81829184 	   0.04420632  	
 -0.80613506 	   0.07314740 	  -0.80886320 	   0.06585657  	
 -0.79664194 	   0.10715287 	  -0.79943456 	   0.09525726  	
 -0.78714882 	   0.16481325 	  -0.79000592 	   0.14444367  	
 -0.77970286 	   0.22796353 	  -0.77921454 	   0.23243808  	
 -0.77225690 	   0.29647910 	  -0.76842315 	   0.32979006  	
 -0.76019739 	   0.39190514 	  -0.75626902 	   0.41718059  	
 -0.74813787 	   0.46341662 	  -0.74411489 	   0.48449990  	
 -0.73223162 	   0.54420320 	  -0.73196076 	   0.54554274  	
 -0.71632537 	   0.62182499 	  -0.71980663 	   0.60506908  	
 -0.70407595 	   0.67790724 	  -0.70765250 	   0.66221675  	
 -0.69182652 	   0.72349563 	  -0.69549837 	   0.71150304  	
 -0.68284240 	   0.74471522 	  -0.68252862 	   0.74522045  	
 -0.67385829 	   0.75224912 	  -0.66955888 	   0.75077683  	
 -0.66012688 	   0.73770665 	  -0.65577352 	   0.72824061  	
 -0.64639548 	   0.70356882 	  -0.64198817 	   0.69076152  	
 -0.62834030 	   0.64800051 	  -0.62820281 	   0.64754398  	
 -0.61028511 	   0.58074295 	  -0.61441745 	   0.59774458  	
 -0.59644508 	   0.51330400 	  -0.60063210 	   0.53568524  	
 -0.58260504 	   0.42434223 	  -0.58684674 	   0.45408154  	
 -0.57274612 	   0.35049742 	  -0.57274952 	   0.35052291  	
 -0.56288720 	   0.28169261 	  -0.55865230 	   0.25701609  	
 -0.54825562 	   0.21069635 	  -0.54424321 	   0.19722354  	
 -0.53362404 	   0.16836938 	  -0.52983412 	   0.15943157  	
 -0.51470563 	   0.12661267 	  -0.51542503 	   0.12810096  	
 -0.49578723 	   0.09017908 	  -0.50101595 	   0.09966971  	
 -0.48160346 	   0.06700906 	  -0.48660686 	   0.07474553  	
 -0.46741968 	   0.04779545 	  -0.47219777 	   0.05379339  	
 -0.45746811 	   0.03708856 	  -0.45785949 	   0.03745989  	
 -0.44751653 	   0.02914211 	  -0.44352120 	   0.02676351  	
 -0.43294427 	   0.02235316 	  -0.42925372 	   0.02128859  	
 -0.41837201 	   0.01886416 	  -0.41498624 	   0.01821278  	
 -0.39970939 	   0.01538632 	  -0.40071876 	   0.01557035  	
 -0.38104676 	   0.01212900 	  -0.38645128 	   0.01303798  	
 -0.36708619 	   0.00985655 	  -0.37218380 	   0.01068535  	
 -0.35312561 	   0.00742939 	  -0.35791632 	   0.00829674  	
 -0.34350689 	   0.00564472 	  -0.34342850 	   0.00563052  	
 -0.33388817 	   0.00406048 	  -0.32894067 	   0.00341834  	
 -0.31965269 	   0.00255349 	  -0.31423250 	   0.00220721  	
 -0.30541722 	   0.00178149 	  -0.29952433 	   0.00154268  	
 -0.28622621 	   0.00105673 	  -0.28481616 	   0.00100909  	
 -0.26703520 	   0.00051153 	  -0.27010799 	   0.00058109  	
 -0.25185171 	   0.00027269 	  -0.25539982 	   0.00031472  	
 -0.23666821 	   0.00015057 	  -0.24069165 	   0.00017634  	
 -0.22558643 	   0.00009411 	  -0.22468230 	   0.00009028  	
 -0.21450464 	   0.00005495 	  -0.20867295 	   0.00004098  	
 -0.19764858 	   0.00002494 	  -0.19136241 	   0.00001997  	
 -0.18079252 	   0.00001464 	  -0.17405188 	   0.00001175  	
 -0.15809770 	   0.00000524 	  -0.15674134 	   0.00000477  	
 -0.13540289 	  -0.00000000 	  -0.13943081 	   0.00000052  	
 -0.11763664 	  -0.00000068 	  -0.12212027 	  -0.00000072  	
 -0.09987038 	   0.00000000 	  -0.10480974 	  -0.00000019  	
 -0.08681818 	   0.00000016 	  -0.08597692 	   0.00000016  	
 -0.07376599 	   0.00000000 	  -0.06714410 	  -0.00000010  	
 -0.05380067 	  -0.00000016 	  -0.04678900 	  -0.00000010  	
 -0.03383535 	   0.00000000 	  -0.02643391 	  -0.00000004  	
 -0.00720465 	  -0.00000025 	  -0.00607881 	  -0.00000025  	
  0.01942605 	   0.00000000 	   0.01427629 	  -0.00000005  	
  0.04017179 	  -0.00000001 	   0.03463139 	   0.00000001  	
  0.06091752 	   0.00000000 	   0.05498649 	  -0.00000001  	
  0.07647932 	   0.00000001 	   0.07755756 	   0.00000001  	
  0.09204112 	   0.00000000 	   0.10012864 	  -0.00000003  	
  0.11632012 	  -0.00000006 	   0.12491570 	  -0.00000003  	
  0.14059912 	   0.00000000 	   0.14970276 	  -0.00000004  	
  0.17301934 	  -0.00000016 	   0.17448982 	  -0.00000016  	
  0.20543956 	   0.00000000 	   0.19927687 	  -0.00000003  	
  0.23073514 	  -0.00000001 	   0.22406393 	  -0.00000000  	
  0.25603073 	   0.00000000 	   0.24885099 	  -0.00000001  	
  0.27673942 	   0.00000000 	   0.27871630 	   0.00000001  	
  0.29744812 	   0.00000000 	   0.30858160 	  -0.00000003  	
  0.33181631 	  -0.00000007 	   0.34352515 	  -0.00000005  	
  0.36618451 	   0.00000000 	   0.37846870 	  -0.00000003  	
  0.41189452 	  -0.00000014 	   0.41341226 	  -0.00000014  	
  0.45760453 	   0.00000000 	   0.44835581 	  -0.00000003  	
  0.49311949 	  -0.00000002 	   0.48329936 	  -0.00000001  	
  0.52863445 	   0.00000000 	   0.51824291 	  -0.00000001  	
  0.56174726 	  -0.00000001 	   0.56627037 	  -0.00000001  	
  0.59486006 	   0.00000000 	   0.61429783 	  -0.00000004  	
  0.65511467 	  -0.00000010 	   0.67540920 	  -0.00000007  	
  0.71536927 	   0.00000000 	   0.73652057 	  -0.00000008  	
  0.79575790 	  -0.00000038 	   0.79763193 	  -0.00000038  	
  0.87614653 	   0.00000000 	   0.85874330 	  -0.00000029  	
  0.93807326 	   0.00000242 	   0.91985467 	   0.00000169  	
  1.00000000 	   0.00000000 	   0.98096603 	   0.00000268  	
