 -1.00000000 	   0.00000000   -0.99962862 	   0.00000000  
 -0.99759568 	  -0.00000000   -0.99722454 	  -0.00000000  
 -0.99444812 	  -0.00000000   -0.99482047 	  -0.00000000  
 -0.99204430 	   0.00000000   -0.99241640 	   0.00000000  
 -0.98988178 	   0.00000000   -0.98928425 	   0.00000000  
 -0.98602427 	   0.00000000   -0.98542403 	  -0.00000000  
 -0.98097052 	   0.00000000   -0.98156380 	  -0.00000000  
 -0.97710759 	  -0.00000000   -0.97770358 	   0.00000000  
 -0.97369468 	   0.00000000   -0.97276057 	   0.00000000  
 -0.96767587 	   0.00000000   -0.96673476 	  -0.00000000  
 -0.95978678 	   0.00000000   -0.96070895 	  -0.00000001  
 -0.95375396 	   0.00000000   -0.95468315 	   0.00000001  
 -0.94828076 	   0.00000000   -0.94674375 	   0.00000006  
 -0.93845729 	  -0.00000000   -0.93689078 	  -0.00000034  
 -0.92555668 	   0.00000000   -0.92703780 	  -0.00000071  
 -0.91567412 	   0.00000000   -0.91718482 	   0.00000102  
 -0.90742102 	   0.00000000   -0.90522684 	   0.00000437  
 -0.89340944 	   0.00000000   -0.89116386 	  -0.00001755  
 -0.87499859 	   0.00000000   -0.87710088 	  -0.00003343  
 -0.86088398 	   0.00000000   -0.86303790 	   0.00004648  
 -0.84955000 	   0.00000000   -0.84657777 	   0.00017319  
 -0.83082105 	   0.00000000   -0.82772049 	  -0.00067085  
 -0.80613506 	   0.00000000   -0.80886320 	  -0.00119257  
 -0.78714882 	  -0.00000000   -0.79000592 	   0.00105546  
 -0.77225690 	   0.04202964   -0.76842315 	   0.07931338  
 -0.74813787 	   0.43145360   -0.74411489 	   0.50496419  
 -0.71632537 	   0.83968881   -0.71980663 	   0.81064227  
 -0.69182652 	   0.97847423   -0.69549837 	   0.96615276  
 -0.67385829 	   1.00000000   -0.66955888 	   0.99953448  
 -0.64639548 	   0.96585107   -0.64198817 	   0.94823940  
 -0.61028511 	   0.64967826   -0.61441745 	   0.70633634  
 -0.58260504 	   0.26093455   -0.58684674 	   0.30868978  
 -0.56288720 	   0.13401966   -0.55865230 	   0.12012536  
 -0.53362404 	   0.06415512   -0.52983412 	   0.05858340  
 -0.49578723 	   0.03603343   -0.50101595 	   0.03770275  
 -0.46741968 	   0.02853157   -0.47219777 	   0.02958381  
 -0.44751653 	   0.02595790   -0.44352120 	   0.02574393  
 -0.41837201 	   0.02272481   -0.41498624 	   0.02168391  
 -0.38104676 	   0.00663337   -0.38645128 	   0.00876667  
 -0.35312561 	   0.00138277   -0.35791632 	   0.00176507  
 -0.33388817 	   0.00064194   -0.32894067 	   0.00055989  
 -0.30541722 	   0.00036591   -0.29952433 	   0.00031535  
 -0.26703520 	   0.00000000   -0.27010799 	   0.00001754  
 -0.23666821 	   0.00000000   -0.24069165 	  -0.00000595  
 -0.21450464 	  -0.00000000   -0.20867295 	  -0.00000316  
 -0.18079252 	   0.00000000   -0.17405188 	   0.00000157  
 -0.13540289 	   0.00000000   -0.13943081 	   0.00000029  
 -0.09987038 	   0.00000000   -0.10480974 	  -0.00000012  
 -0.07376599 	   0.00000000   -0.06714410 	  -0.00000007  
 -0.03383535 	   0.00000000   -0.02643391 	  -0.00000003  
  0.01942605 	  -0.00000000    0.01427629 	  -0.00000004  
  0.06091752 	  -0.00000000    0.05498649 	  -0.00000001  
  0.09204112 	   0.00000000    0.10012864 	  -0.00000002  
  0.14059912 	   0.00000000    0.14970276 	  -0.00000004  
  0.20543956 	   0.00000000    0.19927687 	  -0.00000003  
  0.25603073 	   0.00000000    0.24885099 	  -0.00000001  
  0.29744812 	  -0.00000000    0.30858160 	  -0.00000003  
  0.36618451 	   0.00000000    0.37846870 	  -0.00000003  
  0.45760453 	  -0.00000000    0.44835581 	  -0.00000003  
  0.52863445 	   0.00000000    0.51824291 	  -0.00000001  
  0.59486006 	   0.00000000    0.61429783 	  -0.00000004  
  0.71536927 	   0.00000000    0.73652057 	  -0.00000013  
  0.87614653 	   0.00000000    0.85874330 	  -0.00000051  
  1.00000000 	   0.00000000    0.98096603 	   0.00000386  
