 -1.00000000 	   0.00000000 	  -0.99962862 	   0.00000000  
 -0.99939892 	   0.00000000 	  -0.99902760 	   0.00000000  
 -0.99879784 	   0.00000000 	  -0.99842658 	   0.00000000  
 -0.99819676 	   0.00000000 	  -0.99782556 	   0.00000000  
 -0.99759568 	   0.00000000 	  -0.99722454 	  -0.00000000  
 -0.99680879 	  -0.00000000 	  -0.99662352 	  -0.00000000  
 -0.99602190 	  -0.00000000 	  -0.99602251 	  -0.00000000  
 -0.99523501 	  -0.00000000 	  -0.99542149 	  -0.00000000  
 -0.99444812 	   0.00000000 	  -0.99482047 	  -0.00000000  
 -0.99384717 	   0.00000000 	  -0.99421945 	   0.00000000  
 -0.99324621 	   0.00000000 	  -0.99361843 	   0.00000000  
 -0.99264526 	   0.00000000 	  -0.99301742 	   0.00000000  
 -0.99204430 	   0.00000000 	  -0.99241640 	   0.00000000  
 -0.99150367 	  -0.00000000 	  -0.99163336 	  -0.00000000  
 -0.99096304 	  -0.00000000 	  -0.99085032 	  -0.00000000  
 -0.99042241 	  -0.00000000 	  -0.99006729 	  -0.00000000  
 -0.98988178 	   0.00000000 	  -0.98928425 	   0.00000000  
 -0.98891740 	   0.00000000 	  -0.98831919 	   0.00000000  
 -0.98795303 	   0.00000000 	  -0.98735414 	   0.00000000  
 -0.98698865 	   0.00000000 	  -0.98638908 	   0.00000000  
 -0.98602427 	   0.00000000 	  -0.98542403 	  -0.00000000  
 -0.98476083 	  -0.00000000 	  -0.98445897 	  -0.00000000  
 -0.98349740 	  -0.00000000 	  -0.98349392 	  -0.00000000  
 -0.98223396 	  -0.00000000 	  -0.98252886 	  -0.00000000  
 -0.98097052 	  -0.00000000 	  -0.98156380 	  -0.00000000  
 -0.98000479 	   0.00000000 	  -0.98059875 	   0.00000000  
 -0.97903906 	   0.00000000 	  -0.97963369 	   0.00000000  
 -0.97807332 	   0.00000000 	  -0.97866864 	   0.00000000  
 -0.97710759 	   0.00000000 	  -0.97770358 	   0.00000000  
 -0.97625436 	  -0.00000000 	  -0.97646783 	  -0.00000000  
 -0.97540113 	  -0.00000000 	  -0.97523208 	  -0.00000000  
 -0.97454791 	  -0.00000000 	  -0.97399632 	  -0.00000000  
 -0.97369468 	   0.00000000 	  -0.97276057 	   0.00000000  
 -0.97218998 	   0.00000000 	  -0.97125412 	   0.00000000  
 -0.97068528 	   0.00000000 	  -0.96974766 	   0.00000000  
 -0.96918057 	   0.00000000 	  -0.96824121 	   0.00000000  
 -0.96767587 	  -0.00000000 	  -0.96673476 	  -0.00000000  
 -0.96570360 	  -0.00000001 	  -0.96522831 	  -0.00000001  
 -0.96373133 	  -0.00000001 	  -0.96372186 	  -0.00000001  
 -0.96175905 	  -0.00000001 	  -0.96221541 	  -0.00000001  
 -0.95978678 	   0.00000000 	  -0.96070895 	  -0.00000001  
 -0.95827858 	   0.00000001 	  -0.95920250 	   0.00000000  
 -0.95677037 	   0.00000002 	  -0.95769605 	   0.00000001  
 -0.95526217 	   0.00000001 	  -0.95618960 	   0.00000002  
 -0.95375396 	   0.00000000 	  -0.95468315 	   0.00000001  
 -0.95238566 	  -0.00000002 	  -0.95269830 	  -0.00000001  
 -0.95101736 	  -0.00000003 	  -0.95071345 	  -0.00000003  
 -0.94964906 	  -0.00000003 	  -0.94872860 	  -0.00000001  
 -0.94828076 	   0.00000000 	  -0.94674375 	   0.00000006  
 -0.94582489 	   0.00000010 	  -0.94428051 	   0.00000018  
 -0.94336903 	   0.00000022 	  -0.94181727 	   0.00000025  
 -0.94091316 	   0.00000023 	  -0.93935402 	   0.00000011  
 -0.93845729 	   0.00000000 	  -0.93689078 	  -0.00000027  
 -0.93523214 	  -0.00000062 	  -0.93442753 	  -0.00000079  
 -0.93200699 	  -0.00000117 	  -0.93196429 	  -0.00000117  
 -0.92878183 	  -0.00000101 	  -0.92950104 	  -0.00000113  
 -0.92555668 	   0.00000000 	  -0.92703780 	  -0.00000055  
 -0.92308604 	   0.00000095 	  -0.92457456 	   0.00000039  
 -0.92061540 	   0.00000147 	  -0.92211131 	   0.00000124  
 -0.91814476 	   0.00000115 	  -0.91964807 	   0.00000145  
 -0.91567412 	   0.00000000 	  -0.91718482 	   0.00000078  
 -0.91361084 	  -0.00000117 	  -0.91419533 	  -0.00000086  
 -0.91154757 	  -0.00000193 	  -0.91120583 	  -0.00000198  
 -0.90948429 	  -0.00000167 	  -0.90821634 	  -0.00000082  
 -0.90742102 	   0.00000000 	  -0.90522684 	   0.00000329  
 -0.90391812 	   0.00000573 	  -0.90171110 	   0.00000981  
 -0.90041523 	   0.00001162 	  -0.89819535 	   0.00001255  
 -0.89691233 	   0.00001132 	  -0.89467961 	   0.00000547  
 -0.89340944 	   0.00000000 	  -0.89116386 	  -0.00001282  
 -0.88880673 	  -0.00002856 	  -0.88764812 	  -0.00003609  
 -0.88420402 	  -0.00005185 	  -0.88413237 	  -0.00005201  
 -0.87960130 	  -0.00004308 	  -0.88061663 	  -0.00004851  
 -0.87499859 	   0.00000000 	  -0.87710088 	  -0.00002234  
 -0.87146994 	   0.00003316 	  -0.87358514 	   0.00001500  
 -0.86794128 	   0.00003983 	  -0.87006939 	   0.00004001  
 -0.86441263 	   0.00001460 	  -0.86655364 	   0.00003271  
 -0.86088398 	   0.00000000 	  -0.86303790 	   0.00000316  
 -0.85805048 	   0.00006830 	  -0.85892287 	   0.00003426  
 -0.85521699 	   0.00030128 	  -0.85480783 	   0.00035463  
 -0.85238349 	   0.00080368 	  -0.85069280 	   0.00127583  
 -0.84955000 	   0.00168119 	  -0.84657777 	   0.00310333  
 -0.84486776 	   0.00418343 	  -0.84186345 	   0.00657377  
 -0.84018552 	   0.00818635 	  -0.83714913 	   0.01160198  
 -0.83550329 	   0.01371136 	  -0.83243481 	   0.01809570  
 -0.83082105 	   0.02062051 	  -0.82772049 	   0.02585118  
 -0.82464955 	   0.03146556 	  -0.82300617 	   0.03462473  
 -0.81847806 	   0.04381408 	  -0.81829184 	   0.04420632  
 -0.81230656 	   0.05746481 	  -0.81357752 	   0.05453161  
 -0.80613506 	   0.07314740 	  -0.80886320 	   0.06585657  
 -0.80138850 	   0.08800415 	  -0.80414888 	   0.07896290  
 -0.79664194 	   0.10715287 	  -0.79943456 	   0.09525726  
 -0.79189538 	   0.13241087 	  -0.79472024 	   0.11655617  
 -0.78714882 	   0.16481325 	  -0.79000592 	   0.14444367  
 -0.78342584 	   0.19490660 	  -0.78461023 	   0.18494607  
 -0.77970286 	   0.22796353 	  -0.77921454 	   0.23243808  
 -0.77597988 	   0.26238566 	  -0.77381884 	   0.28231523  
 -0.77225690 	   0.29647910 	  -0.76842315 	   0.32979006  
 -0.76622714 	   0.34768560 	  -0.76234608 	   0.37695993  
 -0.76019739 	   0.39190514 	  -0.75626902 	   0.41718059  
 -0.75416763 	   0.42978377 	  -0.75019195 	   0.45230038  
 -0.74813787 	   0.46341662 	  -0.74411489 	   0.48449990  
 -0.74018475 	   0.50452642 	  -0.73803782 	   0.51531962  
 -0.73223162 	   0.54420320 	  -0.73196076 	   0.54554274  
 -0.72427850 	   0.58331106 	  -0.72588369 	   0.57545531  
 -0.71632537 	   0.62182499 	  -0.71980663 	   0.60506908  
 -0.71020066 	   0.65062808 	  -0.71372956 	   0.63416327  
 -0.70407595 	   0.67790724 	  -0.70765250 	   0.66221675  
 -0.69795123 	   0.70260909 	  -0.70157543 	   0.68837154  
 -0.69182652 	   0.72349563 	  -0.69549837 	   0.71150304  
 -0.68733446 	   0.73567384 	  -0.68901350 	   0.73146809  
 -0.68284240 	   0.74471522 	  -0.68252862 	   0.74522045  
 -0.67835035 	   0.75029584 	  -0.67604375 	   0.75175402  
 -0.67385829 	   0.75224912 	  -0.66955888 	   0.75077683  
 -0.66699258 	   0.74844728 	  -0.66266620 	   0.74236212  
 -0.66012688 	   0.73770665 	  -0.65577352 	   0.72824061  
 -0.65326118 	   0.72209830 	  -0.64888085 	   0.71051576  
 -0.64639548 	   0.70356882 	  -0.64198817 	   0.69076152  
 -0.63736789 	   0.67679970 	  -0.63509549 	   0.66974883  
 -0.62834030 	   0.64800051 	  -0.62820281 	   0.64754398  
 -0.61931270 	   0.61648527 	  -0.62131013 	   0.62376091  
 -0.61028511 	   0.58074295 	  -0.61441745 	   0.59774458  
 -0.60336510 	   0.54930117 	  -0.60752478 	   0.56868382  
 -0.59644508 	   0.51330400 	  -0.60063210 	   0.53568524  
 -0.58952506 	   0.47176998 	  -0.59373942 	   0.49777025  
 -0.58260504 	   0.42434223 	  -0.58684674 	   0.45408154  
 -0.57767558 	   0.38777339 	  -0.57979813 	   0.40370965  
 -0.57274612 	   0.35049742 	  -0.57274952 	   0.35052291  
 -0.56781666 	   0.31450176 	  -0.56570091 	   0.29993690  
 -0.56288720 	   0.28169261 	  -0.55865230 	   0.25701609  
 -0.55557141 	   0.24126930 	  -0.55144775 	   0.22295558  
 -0.54825562 	   0.21069635 	  -0.54424321 	   0.19722354  
 -0.54093983 	   0.18740144 	  -0.53703867 	   0.17688529  
 -0.53362404 	   0.16836938 	  -0.52983412 	   0.15943157  
 -0.52416484 	   0.14671769 	  -0.52262958 	   0.14337200  
 -0.51470563 	   0.12661267 	  -0.51542503 	   0.12810096  
 -0.50524643 	   0.10769424 	  -0.50822049 	   0.11350531  
 -0.49578723 	   0.09017908 	  -0.50101595 	   0.09966971  
 -0.48869534 	   0.07811608 	  -0.49381140 	   0.08672295  
 -0.48160346 	   0.06700906 	  -0.48660686 	   0.07474553  
 -0.47451157 	   0.05687744 	  -0.47940232 	   0.06375802  
 -0.46741968 	   0.04779545 	  -0.47219777 	   0.05379339  
 -0.46244390 	   0.04212165 	  -0.46502863 	   0.04499273  
 -0.45746811 	   0.03708856 	  -0.45785949 	   0.03745989  
 -0.45249232 	   0.03275107 	  -0.45069035 	   0.03135947  
 -0.44751653 	   0.02914211 	  -0.44352120 	   0.02676351  
 -0.44023040 	   0.02512548 	  -0.43638746 	   0.02353397  
 -0.43294427 	   0.02235316 	  -0.42925372 	   0.02128859  
 -0.42565814 	   0.02039925 	  -0.42211998 	   0.01962174  
 -0.41837201 	   0.01886416 	  -0.41498624 	   0.01821278  
 -0.40904070 	   0.01710152 	  -0.40785250 	   0.01688164  
 -0.39970939 	   0.01538632 	  -0.40071876 	   0.01557035  
 -0.39037807 	   0.01371714 	  -0.39358502 	   0.01428300  
 -0.38104676 	   0.01212900 	  -0.38645128 	   0.01303798  
 -0.37406647 	   0.01098963 	  -0.37931754 	   0.01184389  
 -0.36708619 	   0.00985655 	  -0.37218380 	   0.01068535  
 -0.36010590 	   0.00868082 	  -0.36505006 	   0.00952014  
 -0.35312561 	   0.00742939 	  -0.35791632 	   0.00829674  
 -0.34831625 	   0.00653375 	  -0.35067241 	   0.00697408  
 -0.34350689 	   0.00564472 	  -0.34342850 	   0.00563052  
 -0.33869753 	   0.00480617 	  -0.33618459 	   0.00440276  
 -0.33388817 	   0.00406048 	  -0.32894067 	   0.00341834  
 -0.32677043 	   0.00317858 	  -0.32158659 	   0.00270128  
 -0.31965269 	   0.00255349 	  -0.31423250 	   0.00220721  
 -0.31253496 	   0.00211499 	  -0.30687842 	   0.00184468  
 -0.30541722 	   0.00178149 	  -0.29952433 	   0.00154268  
 -0.29582171 	   0.00140125 	  -0.29217025 	   0.00126639  
 -0.28622621 	   0.00105673 	  -0.28481616 	   0.00100909  
 -0.27663071 	   0.00075317 	  -0.27746208 	   0.00077732  
 -0.26703520 	   0.00051153 	  -0.27010799 	   0.00058109  
 -0.25944345 	   0.00037194 	  -0.26275391 	   0.00042732  
 -0.25185171 	   0.00027269 	  -0.25539982 	   0.00031472  
 -0.24425996 	   0.00020249 	  -0.24804574 	   0.00023461  
 -0.23666821 	   0.00015057 	  -0.24069165 	   0.00017634  
 -0.23112732 	   0.00012002 	  -0.23268698 	   0.00012812  
 -0.22558643 	   0.00009411 	  -0.22468230 	   0.00009028  
 -0.22004554 	   0.00007242 	  -0.21667763 	   0.00006130  
 -0.21450464 	   0.00005495 	  -0.20867295 	   0.00004098  
 -0.20607661 	   0.00003610 	  -0.20001768 	   0.00002745  
 -0.19764858 	   0.00002494 	  -0.19136241 	   0.00001997  
 -0.18922055 	   0.00001869 	  -0.18270715 	   0.00001548  
 -0.18079252 	   0.00001464 	  -0.17405188 	   0.00001175  
 -0.16944511 	   0.00000977 	  -0.16539661 	   0.00000807  
 -0.15809770 	   0.00000524 	  -0.15674134 	   0.00000477  
 -0.14675030 	   0.00000190 	  -0.14808607 	   0.00000221  
 -0.13540289 	  -0.00000000 	  -0.13943081 	   0.00000052  
 -0.12651976 	  -0.00000063 	  -0.13077554 	  -0.00000041  
 -0.11763664 	  -0.00000068 	  -0.12212027 	  -0.00000072  
 -0.10875351 	  -0.00000036 	  -0.11346500 	  -0.00000056  
 -0.09987038 	   0.00000000 	  -0.10480974 	  -0.00000019  
 -0.09334428 	   0.00000014 	  -0.09539333 	   0.00000011  
 -0.08681818 	   0.00000016 	  -0.08597692 	   0.00000016  
 -0.08029209 	   0.00000010 	  -0.07656051 	   0.00000004  
 -0.07376599 	   0.00000000 	  -0.06714410 	  -0.00000010  
 -0.06378333 	  -0.00000014 	  -0.05696655 	  -0.00000017  
 -0.05380067 	  -0.00000016 	  -0.04678900 	  -0.00000010  
 -0.04381801 	  -0.00000007 	  -0.03661146 	  -0.00000001  
 -0.03383535 	   0.00000000 	  -0.02643391 	  -0.00000004  
 -0.02052000 	  -0.00000012 	  -0.01625636 	  -0.00000018  
 -0.00720465 	  -0.00000025 	  -0.00607881 	  -0.00000025  
  0.00611070 	  -0.00000016 	   0.00409874 	  -0.00000018  
  0.01942605 	   0.00000000 	   0.01427629 	  -0.00000005  
  0.02979892 	   0.00000002 	   0.02445384 	   0.00000002  
  0.04017179 	  -0.00000001 	   0.03463139 	   0.00000001  
  0.05054465 	  -0.00000002 	   0.04480894 	  -0.00000002  
  0.06091752 	   0.00000000 	   0.05498649 	  -0.00000001  
  0.06869842 	   0.00000001 	   0.06627202 	   0.00000001  
  0.07647932 	   0.00000001 	   0.07755756 	   0.00000001  
  0.08426022 	   0.00000001 	   0.08884310 	   0.00000001  
  0.09204112 	   0.00000000 	   0.10012864 	  -0.00000003  
  0.10418062 	  -0.00000004 	   0.11252217 	  -0.00000006  
  0.11632012 	  -0.00000006 	   0.12491570 	  -0.00000003  
  0.12845962 	  -0.00000002 	   0.13730923 	   0.00000000  
  0.14059912 	   0.00000000 	   0.14970276 	  -0.00000004  
  0.15680923 	  -0.00000009 	   0.16209629 	  -0.00000012  
  0.17301934 	  -0.00000016 	   0.17448982 	  -0.00000016  
  0.18922945 	  -0.00000010 	   0.18688335 	  -0.00000011  
  0.20543956 	   0.00000000 	   0.19927687 	  -0.00000003  
  0.21808735 	   0.00000001 	   0.21167040 	   0.00000001  
  0.23073514 	  -0.00000001 	   0.22406393 	  -0.00000000  
  0.24338294 	  -0.00000001 	   0.23645746 	  -0.00000002  
  0.25603073 	   0.00000000 	   0.24885099 	  -0.00000001  
  0.26638508 	   0.00000000 	   0.26378364 	   0.00000000  
  0.27673942 	   0.00000000 	   0.27871630 	   0.00000001  
  0.28709377 	   0.00000001 	   0.29364895 	   0.00000000  
  0.29744812 	   0.00000000 	   0.30858160 	  -0.00000003  
  0.31463222 	  -0.00000005 	   0.32605338 	  -0.00000007  
  0.33181631 	  -0.00000007 	   0.34352515 	  -0.00000005  
  0.34900041 	  -0.00000003 	   0.36099693 	  -0.00000000  
  0.36618451 	   0.00000000 	   0.37846870 	  -0.00000003  
  0.38903951 	  -0.00000008 	   0.39594048 	  -0.00000011  
  0.41189452 	  -0.00000014 	   0.41341226 	  -0.00000014  
  0.43474952 	  -0.00000009 	   0.43088403 	  -0.00000010  
  0.45760453 	   0.00000000 	   0.44835581 	  -0.00000003  
  0.47536201 	  -0.00000000 	   0.46582759 	   0.00000001  
  0.49311949 	  -0.00000002 	   0.48329936 	  -0.00000001  
  0.51087697 	  -0.00000002 	   0.50077114 	  -0.00000002  
  0.52863445 	   0.00000000 	   0.51824291 	  -0.00000001  
  0.54519085 	  -0.00000000 	   0.54225664 	  -0.00000000  
  0.56174726 	  -0.00000001 	   0.56627037 	  -0.00000001  
  0.57830366 	  -0.00000000 	   0.59028410 	   0.00000000  
  0.59486006 	   0.00000000 	   0.61429783 	  -0.00000004  
  0.62498736 	  -0.00000007 	   0.64485352 	  -0.00000010  
  0.65511467 	  -0.00000010 	   0.67540920 	  -0.00000007  
  0.68524197 	  -0.00000004 	   0.70596488 	   0.00000000  
  0.71536927 	   0.00000000 	   0.73652057 	  -0.00000008  
  0.75556359 	  -0.00000019 	   0.76707625 	  -0.00000026  
  0.79575790 	  -0.00000038 	   0.79763193 	  -0.00000038  
  0.83595222 	  -0.00000041 	   0.82818762 	  -0.00000042  
  0.87614653 	   0.00000000 	   0.85874330 	  -0.00000029  
  0.90710990 	   0.00000113 	   0.88929898 	   0.00000041  
  0.93807326 	   0.00000242 	   0.91985467 	   0.00000169  
  0.96903663 	   0.00000305 	   0.95041035 	   0.00000282  
  1.00000000 	   0.00000000 	   0.98096603 	   0.00000268  
